Base : 44%
days  increase Prob
10    -50       85%
10    -40       72%
10    -30       54%
10    -20       44%
10    -15       47%
10    -10       49%
10    -5        45%
10    5         50%
10    10        47%
10    15        41%
10    20        37% 
10    25        32% 
10    30        31% 
10    40        26% 
10    50        26% 
10    60        29% 
--------------------------------------------------------------------------------------
10 days increase in [pr ,pr+0.05], test 100 samples, base_S = 0.446
pr = array([0.4 , 0.45, 0.5 , 0.55, 0.6 , 0.65, 0.7 , 0.75, 0.8 , 0.85, 0.9 ,
       0.95, 1.  , 1.05, 1.1 , 1.15, 1.2 , 1.25, 1.3 , 1.35, 1.4 , 1.45,
       1.5 , 1.55, 1.6 , 1.65, 1.7 , 1.75, 1.8 , 1.85])
       
cond_S = array([0.85714273, 0.83720928, 0.64444444, 0.59060402, 0.48221344,
       0.40798226, 0.3993808 , 0.42921857, 0.50462107, 0.48297305,
       0.44232614, 0.39140826, 0.43085624, 0.49553434, 0.50786164,
       0.49625542, 0.46075581, 0.4057971 , 0.39872068, 0.40199335,
       0.2875817 , 0.23762376, 0.27272727, 0.31034482, 0.42105262,
       0.42857141, 0.58333328, 0.33333331, 0.71428561, 0.        ])
--------------------------------------------------------------------------------------
20 days increase in [pr ,pr+0.05], test 100 samples, base_S = 0.446
cond_S = array([0.84722221, 0.79166666, 0.79716981, 0.69032258, 0.61136363,
       0.5140325 , 0.42738971, 0.44161074, 0.47091062, 0.43917571,
       0.4041072 , 0.38693509, 0.43330789, 0.46025986, 0.46550498,
       0.51062685, 0.52484848, 0.50884686, 0.47627265, 0.48183042,
       0.43664717, 0.43217665, 0.38139535, 0.38333333, 0.29761904,
       0.43283581, 0.32653061, 0.33999999, 0.33333333, 0.23333333])
 --------------------------------------------------------------------------------------
5 days increase in [pr ,pr+0.05], test 100 samples, base_S = 0.446      
cond_S = array([0.        , 0.        , 0.        , 0.74999997, 0.83333332,
       0.45882353, 0.37464789, 0.34328358, 0.38898757, 0.51276854,
       0.46261356, 0.41571098, 0.44156332, 0.48421652, 0.48247423,
       0.44714286, 0.42712843, 0.40972222, 0.42857143, 0.4       ,
       0.31578947, 0.33333332, 0.4444444 , 0.        , 0.57142854,
       0.        , 0.        , 0.        , 0.        , 0.        ])   
--------------------------------------------------------------------------------------       
60 days increase in [pr ,pr+0.05], test 100 samples, base_S = 0.446         
cond_S = array([0.59090909, 0.60946745, 0.57709251, 0.62074554, 0.61750599,
       0.56932153, 0.48027523, 0.43867779, 0.3844404 , 0.36445566,
       0.35433677, 0.40300014, 0.46173624, 0.49759829, 0.51422985,
       0.47887701, 0.47430341, 0.45189621, 0.44770916, 0.46755725,
       0.46357616, 0.49178744, 0.45526614, 0.47337278, 0.46422893,
       0.40206185, 0.43735224, 0.40923077, 0.48809524, 0.43253968])    
       
--------------------------------------------------------------------------------------       
30 days increase in [pr ,pr+0.05], test 100 samples, base_S = 0.446         
cond_S = array([0.92753622, 0.80991735, 0.74089069, 0.66970387, 0.65083799,
       0.55737705, 0.532122  , 0.48346909, 0.45480769, 0.43396226,
       0.38711672, 0.38376974, 0.43263205, 0.45128277, 0.46519555,
       0.46607595, 0.48269955, 0.47644684, 0.46775203, 0.46459413,
       0.48036951, 0.45145631, 0.42990654, 0.40816326, 0.38961039,
       0.36708861, 0.352     , 0.38983051, 0.33333333, 0.37499999])

       
